1734322764
1734323005
1734326330
1734330002
1734333530
1734336570
1734337202
1734337437
1734340061
1734340751
1734343662
1734344348
1734347171
1734347889
1734351085
1734354806
1734357994
1734361606
1734362572
1734365264
1734368764
1734372511
1734375940
1734379632
1734405877
1734409164
1734409395
1734412718
1734416392
1734419928
1734422950
1734423597
1734423815
1734426436
1734427144
1734430035
1734430739
1734433549
1734434284
1734437458
1734441201
1734444406
1734448003
1734448973
1734451657
1734455159
1734458912
1734462338
1734466021
1734492065
1734495559
1734499114
1734502791
1734506326
1734509329
1734509992
1734512821
1734513548
1734516420
1734517134
1734519954
1734520678
1734523850
1734527484
1734530776
1734534383
1734538045
1734541559
1734545303
1734548744
1734552434
1734578485
1734581959
1734585537
1734589193
1734592718
1734595713
1734596377
1734599212
1734599949
1734602818
1734603533
1734606364
1734607086
1734610245
1734613891
1734617170
1734620807
1734624427
1734627945
1734631680
1734635144
1734638811
1734664777
1734668357
1734671899
1734675582
1734679094
1734682101
1734682764
1734685579
1734686316
1734689193
1734689919
1734692742
1734693460
1734696606
1734700170
1734703549
1734707151
1734710816
1734714342
1734718067
1734721532
1734725212
1734841377
1734855772
1734880885
1734927780
1734941321
1734942199
1734944804
1734948410
1734951943
1734955821
1734959395
1734962753
1734966370
1734967341
1734970015
1734973533
1734977253
1734980728
1734984401
